GdanskEN                                         0 106 371 509 524 353 163 285 480 297 500 284 438 284 224 479 306 469 210 428 259 604 415 296 219 496 214 345 383 274 
SlupskEN                                       106 0 452 584 592 402 205 328 514 345 531 379 505 389 258 512 267 482 285 488 365 661 480 216 325 600 310 359 461 341 
Adamow(siedleckie)EN                           371 452 0 142 168 165 275 202 264 181 290 120 100 238 254 269 444 343 173 126 263 267 95 546 278 302 172 297 21 129 
Adamow(zamojskie)EN                            509 584 142 0 49 236 405 303 263 280 282 257 97 362 370 270 546 369 311 138 391 152 124 664 413 347 316 372 129 254 
AdamowkaEN                                     524 592 168 49 0 223 407 296 226 273 243 287 90 399 366 233 531 335 322 120 426 106 117 654 445 397 339 352 149 260 
AleksandrowEN                                  353 402 165 236 223 0 200 76 137 57 162 232 137 354 149 138 305 186 160 101 366 266 111 424 361 469 232 138 154 100 
AleksandrowKujawskiEN                          163 205 275 405 407 200 0 125 318 142 338 235 307 306 61 317 209 308 106 287 297 461 281 274 271 493 177 186 274 146 
AleksandrowLodzkiEN                            285 328 202 303 296 76 125 0 195 22 217 228 203 338 72 194 242 206 117 173 342 342 176 352 329 484 204 109 196 85 
AlwerniaEN                                     480 514 264 263 226 137 318 195 0 185 26 362 189 487 259 7 351 111 297 146 501 212 177 486 499 576 369 172 250 237 
AndrespolEN                                    297 345 181 280 273 57 142 22 185 0 208 216 181 329 92 185 264 209 116 152 336 322 154 375 326 469 198 122 175 72 
AndrychowEN                                    500 531 290 282 243 162 338 217 26 208 0 389 214 514 278 23 357 101 322 171 527 219 203 493 525 602 395 182 276 263 
AndrzejewoEN                                   284 379 120 257 287 232 235 228 362 216 389 0 218 124 242 359 434 411 131 235 144 387 207 509 158 259 71 331 141 141 
AnnopolEN                                      438 505 100 97 90 137 307 203 189 181 214 218 0 339 275 193 446 284 231 45 362 173 27 564 375 385 259 274 78 168 
AugustowEN                                     284 389 238 362 399 354 306 338 487 329 514 124 339 0 328 480 505 526 219 358 34 502 329 553 74 216 132 434 259 253 
BabiakEN                                       224 258 254 370 366 149 61 72 259 92 278 242 275 328 0 257 194 247 114 243 333 412 243 288 313 507 201 127 250 123 
BabiceEN                                       479 512 269 270 233 138 317 194 7 185 23 359 193 480 257 0 346 104 298 152 504 218 183 481 501 582 371 168 256 239 
BabimostEN                                     306 267 444 546 531 305 209 242 351 264 357 434 446 505 194 346 0 266 307 398 513 539 409 133 484 705 390 177 436 316 
BaborowEN                                      469 482 343 369 335 186 308 206 111 209 101 411 284 526 247 104 266 0 326 242 551 319 270 406 540 663 412 124 336 281 
BaboszewoEN                                    210 285 173 311 322 160 106 117 297 116 322 131 231 219 114 298 307 326 0 221 224 397 206 381 210 393 88 220 179 66 
BackowiceEN                                    428 488 126 138 120 101 287 173 146 152 171 235 45 358 243 152 398 242 221 0 380 177 32 530 388 426 265 233 106 156 
BakalarzewoEN                                  259 365 263 391 426 366 297 342 501 336 527 144 362 34 333 504 513 551 224 380 0 529 350 535 42 245 134 437 283 262 
BaligrodEN                                     604 661 267 152 106 266 461 342 212 322 219 387 173 502 412 218 539 319 397 177 529 0 193 694 545 501 432 376 246 334 
BaltowEN                                       415 480 95 124 117 111 281 176 177 154 203 207 27 329 243 183 409 270 206 32 350 193 0 535 361 393 241 249 74 143 
BanieEN                                        296 216 546 664 654 424 274 352 486 375 493 509 564 553 288 481 133 406 381 530 535 694 535 0 511 761 445 303 530 404 
BanieMazurskieEN                               219 325 278 413 445 361 271 329 499 326 525 158 375 74 313 501 484 540 210 388 42 545 361 511 0 287 128 423 298 258 
BaranowiczeEN                                  496 600 302 347 397 469 493 484 576 469 602 259 385 216 507 582 705 663 393 426 245 501 393 761 287 0 316 575 312 388 
BaranowoEN                                     214 310 172 316 339 232 177 204 369 198 395 71 259 132 201 371 390 412 88 265 134 432 241 445 128 316 0 306 188 131 
Baranow(kaliskie)EN                            345 359 297 372 352 138 186 109 172 122 182 331 274 434 127 168 177 124 220 233 437 376 249 303 423 575 306 0 290 196 
Baranow(lubelskie)EN                           383 461 21 129 149 154 274 196 250 175 276 141 78 259 250 256 436 336 179 106 283 246 74 530 298 312 188 290 0 131 
Baranow(skierniewickie)EN                      274 341 129 254 260 100 146 85 237 72 263 141 168 253 123 239 316 281 66 156 262 334 143 404 258 388 131 196 131 0 
